# BidiCharacterTest-17.0.0 representative subset
# Source: https://www.unicode.org/Public/17.0.0/ucd/BidiCharacterTest.txt
# Date of original: 2025-07-30
# © 2025 Unicode®, Inc.
# Unicode and the Unicode Logo are registered trademarks of Unicode, Inc. in the U.S. and other countries.
# For terms of use and license, see https://www.unicode.org/terms_of_use.html
# License: Unicode-3.0 (https://www.unicode.org/license.txt)
# Original test rows retained verbatim; X9 characters have level x.
05D0 05D1 0028 05D2 05D3 005B 0026 0065 0066 005D 002E 0029 0067 0068;0;0;1 1 0 1 1 0 0 0 0 0 0 0 0 0;1 0 2 4 3 5 6 7 8 9 10 11 12 13
05D0 05D1 0028 05D2 05D3 005B 0026 0065 0066 005D 002E 0029 0067 0068;1;1;1 1 1 1 1 1 1 2 2 1 1 1 2 2;12 13 11 10 9 7 8 6 5 4 3 2 1 0
0061 0062 0063 0020 0028 0064 0065 0066 0020 0627 0628 062C 0029 0020 05D0 05D1 05D2;0;0;0 0 0 0 0 0 0 0 0 1 1 1 0 0 1 1 1;0 1 2 3 4 5 6 7 8 11 10 9 12 13 16 15 14
0061 0062 0063 0020 0028 0064 0065 0066 0020 0627 0628 062C 0029 0020 05D0 05D1 05D2;1;1;2 2 2 1 1 2 2 2 1 1 1 1 1 1 1 1 1;16 15 14 13 12 11 10 9 8 5 6 7 4 3 0 1 2
05D0 05D1 05D2 0020 0028 0064 0065 0066 0020 0627 0628 062C 0029 0020 0061 0062 0063;0;0;1 1 1 0 0 0 0 0 0 1 1 1 0 0 0 0 0;2 1 0 3 4 5 6 7 8 11 10 9 12 13 14 15 16
05D0 05D1 05D2 0020 0028 0064 0065 0066 0020 0627 0628 062C 0029 0020 0061 0062 0063;1;1;1 1 1 1 1 2 2 2 1 1 1 1 1 1 2 2 2;14 15 16 13 12 11 10 9 8 5 6 7 4 3 2 1 0
0061 0062 0063 0020 0028 0627 0628 062C 0020 0064 0065 0066 0029 0020 05D0 05D1 05D2;0;0;0 0 0 0 0 1 1 1 0 0 0 0 0 0 1 1 1;0 1 2 3 4 7 6 5 8 9 10 11 12 13 16 15 14
0061 0062 0063 0020 0028 0627 0628 062C 0020 0064 0065 0066 0029 0020 05D0 05D1 05D2;1;1;2 2 2 1 1 1 1 1 1 2 2 2 1 1 1 1 1;16 15 14 13 12 9 10 11 8 7 6 5 4 3 0 1 2
05D0 05D1 05D2 0020 0028 0627 0628 062C 0020 0064 0065 0066 0029 0020 0061 0062 0063;0;0;1 1 1 0 0 1 1 1 0 0 0 0 0 0 0 0 0;2 1 0 3 4 7 6 5 8 9 10 11 12 13 14 15 16
05D0 05D1 05D2 0020 0028 0627 0628 062C 0020 0064 0065 0066 0029 0020 0061 0062 0063;1;1;1 1 1 1 1 1 1 1 1 2 2 2 1 1 2 2 2;14 15 16 13 12 9 10 11 8 7 6 5 4 3 2 1 0
202E 0061 202A 0062 202C 2066 0063 2069 202A 0064 202C 0065 202C;2;0;x 1 x 2 x 1 2 1 x 2 x 1 x;11 9 7 6 5 3 1
202E 0061 202A 0062 202C 2066 0063 2069 202A 0064 202C 0065 202C;1;1;x 3 x 4 x 3 4 3 x 4 x 3 x;11 9 7 6 5 3 1
202A 05D0 0028 05D1 202C 202D 0029;2;1;x 3 3 3 x x 2;3 2 1 6
202A 05D0 0028 05D1 202C 202D 0029 202C;2;1;x 3 3 3 x x 2 x;3 2 1 6
202D 05D0 202B 05D1 202C 2068 05D2 2069 202B 05D3 202C 05D4 202C;2;1;x 2 x 3 x 2 3 2 x 3 x 2 x;1 3 5 6 7 9 11
202D 0661 202B 0662 202C 2068 0663 2069 202B 0664 202C 0665 202C;0;0;x 2 x 4 x 2 6 2 x 4 x 2 x;1 3 5 6 7 9 11
202B 0061 0028 0062 202C 202E 0029;2;0;x 2 2 2 x x 1;6 1 2 3
202B 0061 0028 0062 202C 202E 0029 202C;2;0;x 2 2 2 x x 1 x;6 1 2 3
05D0 2066 202A 2069 05D1;0;0;1 1 x 1 1;4 3 1 0
05D0 2066 202B 2069 05D1;0;0;1 1 x 1 1;4 3 1 0
05D0 2067 202A 0041;1;1;1 1 x 4;3 1 0
0061 2067 202A 2069 0062;1;1;2 2 x 2 2;0 1 3 4
0061 2067 202C 202E 2069 0062;1;1;2 2 x x 2 2;0 1 4 5
0061 0028 0062 2067 05D0 0066 2069 05D4 0029 05D5;0;0;0 0 0 0 1 2 0 1 0 1;0 1 2 3 5 4 6 7 8 9
0061 0028 0062 005B 0063 2068 05D0 2069 0064 005D 0065 0029 0066;0;0;0 0 0 0 0 0 1 0 0 0 0 0 0;0 1 2 3 4 5 6 7 8 9 10 11 12
0061 0028 0062 005B 0063 2068 05D0 2069 0064 005D 0065 0029 0066;1;1;2 2 2 2 2 2 3 2 2 2 2 2 2;0 1 2 3 4 5 6 7 8 9 10 11 12
062A 0031 002F 0032;2;1;1 2 2 2;1 2 3 0
062A 0031 002F 0032;0;0;1 2 2 2;1 2 3 0
062A 0031 002F 0032;1;1;1 2 2 2;1 2 3 0
0661 002D 0031;0;0;2 0 0;0 1 2
0061 0020 2329 0062 002E 0031 232A;1;1;2 2 2 2 2 2 2;0 1 2 3 4 5 6
0061 0020 2329 0062 002E 0031 3009;1;1;2 2 2 2 2 2 2;0 1 2 3 4 5 6
05D0 0020 2329 05D1 002E 0031 232A;0;0;1 1 1 1 1 2 1;6 5 4 3 2 1 0
05D0 0020 2329 05D1 002E 0031 3009;0;0;1 1 1 1 1 2 1;6 5 4 3 2 1 0
0061 0020 3008 0062 002E 0031 3009;1;1;2 2 2 2 2 2 2;0 1 2 3 4 5 6
0061 0020 3008 0062 002E 0031 232A;1;1;2 2 2 2 2 2 2;0 1 2 3 4 5 6
05D0 0020 3008 05D1 002E 0031 3009;0;0;1 1 1 1 1 2 1;6 5 4 3 2 1 0
05D0 0020 3008 05D1 002E 0031 232A;0;0;1 1 1 1 1 2 1;6 5 4 3 2 1 0
